128.539677475335,32.5028829392807
128.524687893382,32.5066028211687
128.491755211038,32.511831120001105
128.454330459909,32.4960007762712
128.450483285707,32.5122577214592
128.441486312018,32.518171342309195
128.40837852354701,32.503432412805
128.384102884143,32.4892792721092
128.362926440247,32.4992359587124
128.326684047421,32.497585671392606
128.317252017805,32.513618684551396
128.300424451519,32.5241265993014
128.261842492488,32.5137103975459
128.222875843042,32.506996466267196
128.222139470996,32.498322696479
128.1891838,32.4941357759113
128.164532851207,32.485445737911704
128.138898743695,32.486705228968
128.128525013156,32.5117388174584
128.09142472391198,32.5135439372449
128.07179756218,32.5132556897071
128.039800982256,32.4937251926158
128.03157633944,32.4767065745045
128.018333525716,32.457171176364696
127.98261488040501,32.4727076290142
127.974254740088,32.4825893523478
127.96100434433201,32.486741049503195
127.951045354366,32.497084415730804
127.934208981581,32.4843974093834
127.897285721783,32.486171524281396
127.886413245998,32.4835026649046
127.86862307700599,32.4978624258358
127.846203680525,32.4820416876867
127.81104000946699,32.4919253452396
127.804708961984,32.4887977275077
127.79689929653999,32.4771231098319
127.763549589372,32.4695941492944
127.73180837628999,32.484737565152194
127.725414175689,32.4665565955584
127.69858229356899,32.4508995183177
127.668848603662,32.4297342901608
127.63650731320699,32.4433643549798
127.606225090555,32.4336061437854
127.56479932900601,32.4219320307072
127.53077447979601,32.4237063266037
127.51906798644899,32.4258320919598
127.504946714665,32.4178635166103
127.47085397605301,32.4253936364291
127.441899285072,32.4063702831577
127.41991420266301,32.4092798653083
127.3825626492,32.3969474953405
127.368142042556,32.391684208422106
127.34961122792,32.3934644455927
127.34441562897301,32.4036937301819
127.315379290458,32.3932778135399
127.275747303314,32.3812616608408
127.23864568426701,32.3897628810708
127.225830693806,32.3704292909838
127.21364118829399,32.3746069450377
127.197895335611,32.3834437396155
127.185014546147,32.396578024103
127.157207535451,32.386710985415
127.120496708927,32.3849604589743
127.084156606721,32.3874262085265
127.048836911525,32.372448169318105
127.021407585863,32.35576401329789
126.99032187582199,32.3386607679541
126.96444677852399,32.335866293898604
126.937476150154,32.3124580674155
126.90277359796801,32.2953457566503
126.89903020257401,32.2860063129156
126.87670819088699,32.2763167936926
126.83998102003001,32.256171344205605
126.83687544015699,32.2731245575785
126.81529493550501,32.2667154855894
126.777864119137,32.2526091573498
126.745332865025,32.2531136862169
126.740744441847,32.2651953958504
126.70282897179199,32.2784168990804
126.674107191031,32.289288819039605
126.641998253233,32.2734566339959
126.62453317685,32.2846721665341
126.596645733276,32.2820811064925
126.581349286761,32.2525195616912
126.54467732789699,32.2483901451561
126.53149731526301,32.2278934889763
126.514392149521,32.2207299613313
126.51116453228,32.2213444886865
126.48735245322099,32.2150596060096
126.457418926033,32.20041341816
126.440989865592,32.2127341119482
126.410893463335,32.2143030710808
126.37603005340598,32.2046499999533
126.34291305161999,32.1885684550155
126.319950029118,32.1867924956254
126.28762018793002,32.1872826795688
126.28589604147301,32.1973298485508
126.247872584035,32.211445634686605
126.221881575914,32.2150141394981
126.18643516173901,32.2097231420053
126.149956000219,32.2214855375432
126.114315893801,32.2287491502412
126.104233011858,32.2221092832483
126.07870437714199,32.2203687354028
126.05360556332899,32.2094756306714
126.050305835436,32.1903098202651
126.039997392423,32.192516689537
126.005705079079,32.1898949490187
125.98126885634599,32.1584483408427
125.94290099488501,32.1408151854926
125.924595678055,32.1459746099477
125.91429625743,32.1387208266847
125.908493440903,32.1157596258884
125.889189063589,32.0937180678356
125.85689925040899,32.088290990117194
125.84773110639401,32.0901975373597
125.809583478383,32.07210740051
125.78147220523199,32.0685400546775
125.77020631769399,32.06675833956189
125.756591678025,32.0651326897503
125.730172950842,32.0756088943287
125.695267849737,32.064930482037695
125.66047663338699,32.0651397501184
125.650183866591,32.0841270685392
125.614541961601,32.0932591514453
125.603445696245,32.0800233071034
125.573355504934,32.0611368208842
125.544039934883,32.060103802222
125.50389275021999,32.0526816135399
125.474797149996,32.0527132463725
125.456333136827,32.0504062729307
125.452939945687,32.0258801049523
125.414789463788,32.010786601925
125.386986701194,32.0178845766242
125.380516177624,32.0049008377362
125.36452218161699,32.0193448171781
125.36341234946,32.001738897630304
125.35154134226002,32.0105862299823
125.312325222373,32.0043044234195
125.3131212622,32.0099285791835
125.309536272268,31.989648436809397
125.27919890895201,31.987439267379198
125.275910789316,31.981219467927104
125.272503962592,31.9966679367358
125.25308347942301,31.989178096182602
125.22887563123501,31.9836974121702
125.221793717541,31.980946567203898
125.21475310031,31.9673015965732
125.17999914602301,31.952359135994
125.16301306373998,31.968153072347498
125.16260501885,31.942862112393303
125.14107144224899,31.9600778337118
125.130083545425,31.9510383628102
125.102917451131,31.939535859478102
125.087097355349,31.923206054184398
125.05674530483101,31.916277963194105
125.044518005098,31.9128333952852
125.049909258627,31.927323592336197
125.049494459759,31.9231561584977
125.03007730442499,31.889829122618103
125.034847313057,31.8759650557948
125.016947452594,31.865405067203803
125.01604217976002,31.8647744253728
125.00936838182301,31.829956334060196
125.013813651091,31.800990490386
125.00151434117399,31.7749828334774
124.98623428762899,31.759994877620397
124.96568791760599,31.7445487749359
124.943508013747,31.740221716797198
124.94803478051901,31.7236951528233
124.925425138268,31.707337205088102
124.923028113104,31.683769439467202
124.894102770447,31.671047597446798
124.874195730987,31.6495896097056
124.85088629428199,31.621153802706104
124.82675433183901,31.5854477044622
124.801957238759,31.5811084415612
124.819293047451,31.5795354167173
124.83312011945499,31.5552697947241
124.828697842955,31.5613544051508
124.81823529536001,31.560587409524103
124.794141996796,31.535929817423
124.81215936136101,31.5321046665568
124.792505427241,31.4935830802821
124.798946434323,31.4962200550281
124.77696349513599,31.498699227487997
124.756716954701,31.498273383033105
124.75676218755501,31.488281313213896
124.73982630145399,31.477473830521497
124.736771945797,31.4614379570925
124.724239407339,31.444993555664702
124.702810625263,31.410428961901697
124.707696368032,31.400743005324998
124.69699520326,31.403756170338802
124.70159762455401,31.401706956905603
124.684355163368,31.391489996466
124.683917745831,31.3718738089376
124.685903481639,31.349707720145002
124.685554621812,31.318436632007998
124.681774129753,31.285412345461197
124.68052126619301,31.2773887929274
124.673695213071,31.2763835274093
124.667007995281,31.249367540334898
124.654026510718,31.2473001228581
124.669888863925,31.2317991399797
124.669261663094,31.218773587016898
124.64664282647101,31.2122880991656
124.65825057246401,31.213192067419
124.66492658178801,31.199071698840005
124.653252218687,31.1990919577588
124.65512227278299,31.1856366103131
124.67186542524901,31.1734035224766
124.679433915427,31.1625036407546
124.67858238618601,31.150784239788102
124.66217223418,31.138560872631803
124.65245930732,31.128122376307
124.653264686556,31.093718104151698
124.64260220327101,31.0685959499809
124.624375699786,31.0363455253771
124.624830412267,31.034333419562103
124.652476627423,31.0298915685379
124.649696890758,31.0129386211406
124.66213839987101,30.9761664301551
124.65898917612499,30.9553404490602
124.64897329133998,30.9507559206305
124.661342859116,30.930235491426398
124.667422811546,30.916454114863
124.673307675091,30.9012030111422
124.683573821322,30.893290973843698
124.668785605383,30.8575030687828
124.66287773328699,30.8347724444792
124.654555223081,30.8336506807067
124.677947089109,30.822010271866002
124.666364615861,30.785369233523998
124.684459461266,30.7765777181071
124.68440665082599,30.767519422627696
124.695799097013,30.7579630304449
124.686271443941,30.7385625706458
124.696533834771,30.728765195266103
124.68102025573201,30.7146336025017
124.66949464033199,30.6927395069453
124.681063727516,30.665242774615198
124.691124705425,30.662203197089895
124.69024909199601,30.655062667354997
124.708040079231,30.656549139463802
124.698731871956,30.642630948575
124.725140894806,30.6040679486835
124.722391354832,30.584053708692004
124.755027497805,30.575917067056302
124.76207460051201,30.568168357205895
124.762868506077,30.557467137885798
124.79841616383999,30.5454031553408
124.807448202442,30.546500713161397
124.83727760561199,30.554942176434302
124.846375113762,30.5497016124718
124.86490513598801,30.5293299664376
124.87122787006099,30.5089913094197
124.89996653540399,30.497121990812698
124.917355141046,30.491980763233197
124.917175748655,30.470715743792898
124.924553427681,30.4575595166401
124.939739510301,30.453253085885102
124.962644418997,30.460013467925897
124.959873185025,30.449140038459397
124.968575690556,30.433082113856898
124.993448620161,30.408862923888897
125.002043505231,30.3814028879491
125.035158022258,30.3910913551018
125.03792541154199,30.378186763101898
125.06082655033501,30.366675058159103
125.08092345245599,30.3580869873092
125.103246860499,30.3655121588218
125.128461955644,30.364379990770697
125.134808796237,30.3680122052869
125.171688666117,30.368465130483397
125.182607535009,30.372077871009303
125.215286784063,30.356921363551198
125.24222020060301,30.3557025947727
125.252462099635,30.3350328084232
125.25304435646002,30.3198359029535
125.28585624057699,30.3048486967646
125.298405420759,30.292628961343603
125.32178593850901,30.292543660659398
125.33667595244101,30.2797760279062
125.357994510469,30.2743825391133
125.38974158084801,30.2794224869903
125.392362427929,30.2913118981907
125.4163410023,30.299045241100195
125.431802210003,30.304380799383303
125.458726801625,30.2951565017763
125.488596541695,30.274681628254104
125.505573863795,30.262058005089802
125.52966699820401,30.2660413299275
125.55826169474399,30.276106529388198
125.580286599623,30.2517207305446
125.612062067458,30.2494139979129
125.630206379647,30.22551180936
125.668053229068,30.2109370524398
125.68161070757601,30.225315302919803
125.70850218861601,30.2162141385461
125.74384364731199,30.2062341345354
125.774033402551,30.185336128182996
125.805968485488,30.203995981532003
125.83632110687799,30.2097688697437
125.864788944369,30.2017613854986
125.881350622925,30.2209082438515
125.88524544617701,30.2413054275071
125.92414965305099,30.2443133770817
125.94564443663602,30.2431427133528
125.97100857159599,30.258303254805497
125.98347208175,30.2617645080194
126.006145054946,30.2729583729826
126.04676839142599,30.290077036408896
126.07447492203801,30.3014974542881
126.076588331502,30.3233882526442
126.08905514057301,30.338166477325696
126.11696207798,30.319833750328197
126.142038579307,30.3037769579417
126.151220446061,30.2931469257227
126.17845462452298,30.3085409915667
126.215384905361,30.330833771272502
126.22719797536999,30.3241691627209
126.257406063438,30.3208262798666
126.295537887199,30.3257803358954
126.320370385428,30.318912748842802
126.35641239570101,30.342416976023603
126.37690774546499,30.3595438108474
126.40454313337901,30.3538351688455
126.41784376469,30.37591097977
126.454155593984,30.366921728287302
126.46004965779699,30.3582964022966
126.488727285826,30.3662078837845
126.501405598468,30.368899502607004
126.53553068675899,30.3620764356815
126.581343238307,30.399762446689
126.59818188791999,30.3985584209649
126.60251758351102,30.413308590525
126.59885311491301,30.4372651233016
126.625341755553,30.443360910608398
126.642638064987,30.459593586087102
126.64323851266501,30.4912727677414
126.67009269378799,30.5123054949058
126.670727944639,30.535072630731
126.678842452674,30.547463013550896
126.71063459372401,30.558025137972002
126.71807812347001,30.5638371625745
126.713936340877,30.5973756646052
126.722186167247,30.6013826618982
126.730133662876,30.6294673853805
126.729038655684,30.643448445545
126.73046158068199,30.6516918871415
126.756700051541,30.677958309451103
126.77463173648998,30.7001249910399
126.77927364012,30.6952716894531
126.777257791819,30.6951669339868
126.773107294198,30.6914154686531
126.801387783321,30.708271549734302
126.82172450478599,30.7250534101442
126.836802134197,30.7184436980705
126.85449415361201,30.724696983120104
126.88949309081801,30.7534666254408
126.9199401725,30.777263957842198
126.939246514571,30.800281270625
126.970530467131,30.8173848793212
126.986706597264,30.847743847182002
127.01094112024299,30.843623344594
127.029158757619,30.8409973811533
127.045433085157,30.8466703246952
127.05690751500201,30.8785464617767
127.075049300924,30.877750795521997
127.058465777748,30.894254047512103
127.04893631661699,30.893996514921604
127.05382423193899,30.9039265154755
127.07206356218599,30.9220519771594
127.06565097243099,30.9510921591536
127.051793462052,30.989097143259997
127.05784004575099,30.9865762289573
127.055206787448,30.997453481343697
127.067714780712,31.003368169364098
127.06685494568899,31.0377729789528
127.06388943027599,31.0710930905907
127.05571237618099,31.0883666013997
127.04779832770201,31.1031334522119
127.053328747966,31.1347129602332
127.060506297166,31.134288116386102
127.04581402728901,31.1709476799008
127.036072441297,31.184135459397503
127.047920498034,31.2209411008928
127.066661154055,31.2197414047853
127.06210678850901,31.2251988660072
127.06774898052299,31.2233205472438
127.063703954807,31.2587453449512
127.05791057243401,31.286459738182202
127.075368584209,31.319132529050002
127.082784397598,31.345337983589395
127.089272585044,31.370503122161697
127.107040238016,31.391872853649502
127.093265090678,31.3995441368221
127.107175596499,31.398840844755203
127.09216951015699,31.408277394414398
127.09366723905599,31.4283868804651
127.11559885675301,31.433994091542697
127.119234720524,31.441110367726804
127.121009961088,31.4640169482642
127.096088784243,31.4868804980376
127.069762904859,31.487601515961398
127.04361901064199,31.4833419040215
127.044309231248,31.475847817937698
127.030124233638,31.491814351107603
127.012880110196,31.5133567246312
126.999436463869,31.5196778852952
126.96874764865801,31.5397063961978
126.95070062367901,31.532776702683897
126.94045981357701,31.5333400879815
126.92908434403999,31.5505679010132
126.930514551119,31.553740803422198
126.918149076212,31.5508192918568
126.91977199878401,31.5574041159273
126.89451270214799,31.567409336171497
126.881015968171,31.5880386129144
126.856435851309,31.6009992651555
126.85879453911501,31.5986357522769
126.860477618408,31.605376802115103
126.837586040074,31.6268282700922
126.81155210432101,31.6337613386123
126.782780472494,31.6476949115058
126.758409552274,31.679191956525102
126.72796527332599,31.6976402603938
126.72657826502301,31.7249760597812
126.726939679364,31.718763068849398
126.72480986895901,31.717247991164196
126.72920138269899,31.7237236066297
126.71051672638501,31.7432252077487
126.712348493568,31.7557642033057
126.70313688402099,31.7695097848267
126.68350849564199,31.7725177111796
126.652883190042,31.780831602749
126.62445001093799,31.777658987321
126.62776412273399,31.7805091641898
126.605533628631,31.7948739056604
126.60062023775299,31.823732398281898
126.59642256869101,31.8237743080585
126.606320164222,31.840122924428396
126.59875712240101,31.832318406095098
126.57990779824199,31.819171906677198
126.579350012384,31.8440781130369
126.551991390968,31.843535915334
126.55222157938299,31.8565994663067
126.547093546138,31.8797114272868
126.53810118815399,31.8777872819606
126.5074254175,31.8995747310539
126.47704269882401,31.9224134416928
126.46239294108,31.9401719171628
126.448730295896,31.945940700562897
126.41409867438101,31.9357670284657
126.39701398274201,31.9380281685669
126.37972220723101,31.9563473775315
126.355739956543,31.950492231943997
126.31600844583599,31.942770500541602
126.31475830880301,31.9321669486975
126.280626554144,31.932107867895304
126.24317673881201,31.9237029247885
126.23691677516001,31.922642785748895
126.231420804603,31.920676971501603
126.208664513725,31.932293245308298
126.210805643943,31.9479574521729
126.19051463958999,31.962374216699
126.13755694452,31.9920875947298
126.128089405469,31.984527986249102
126.11985369049299,31.9957879547125
126.105405676113,32.010994988511
126.083353925637,32.0287328493973
126.045275009518,32.0332064364501
126.03851353546801,32.0361215268216
126.011594488005,32.0506219459259
125.9963580352,32.0630708865555
125.98506368955799,32.0537818745862
125.958583083583,32.0346510546117
125.93285125985399,32.033734829820396
125.897685636311,32.0449541332829
125.865790165307,32.0524357007904
125.861970563123,32.0484370011462
125.848202197262,32.0355679903114
125.840994712358,32.0207919478433
125.807847255473,32.0283283229877
125.796176885973,32.0172832527769
125.78654955215201,32.032267069826396
125.77259259305201,32.034023262231
125.764858839438,32.0238962664977
125.753519848974,32.0309398223052
125.717658104702,32.0428145271637
125.712786388687,32.0360306875416
125.691156676558,32.0290832122304
125.691615683238,32.0186671868667
125.665230393161,32.0106104616388
125.654850613752,32.0370278160299
125.623195053774,32.0465775797935
125.589581999657,32.0732705258963
125.570247501219,32.0820392381227
125.557266572388,32.0867716429317
125.54220052349,32.0740468959103
125.54332935434799,32.089046129665796
125.54265102963801,32.0859881433954
125.54055733388999,32.0988030536249
125.53998718976801,32.097643174900604
125.52764271905501,32.104841019412696
125.496680506646,32.0925004458288
125.466398367962,32.1019802751782
125.447919891309,32.0951494133141
125.422866078425,32.0963155180022
125.433226167836,32.099796222775105
125.41249509516899,32.1323996903285
125.39249939023,32.1465063768026
125.36661899656299,32.140177625886196
125.36040227524401,32.1540167022982
125.33786746506,32.1619870779938
125.298649472337,32.146589336588505
125.265873548202,32.1327019540978
125.22736554834299,32.1331345143981
125.206749718708,32.1535796153861
125.192645545432,32.1345713733536
125.17084363466999,32.1436111848334
125.158821381872,32.1377413501896
125.147933587042,32.1317065515661
125.11449314489501,32.1190494560238
125.092451644265,32.1425252427138
125.07236950501301,32.1498487905555
125.04762636637,32.135789666613896
125.035876134328,32.129346403854
125.001706064606,32.122936006452306
124.980487550478,32.1272778370583
124.963030264844,32.1340049413561
124.95981428566499,32.1274088406003
124.94055811282,32.1238795261086
124.927138630373,32.103851112106106
124.92428698832899,32.1121191784816
124.887165789657,32.1286694762266
124.859415146226,32.1228977880625
124.850690259839,32.1180100087709
124.819286975807,32.1134945322477
124.807092810289,32.1261283869022
124.785766310798,32.0979124134428
124.77675551100799,32.1004588320737
124.77457787058901,32.0969220649117
124.736941080823,32.0946762166436
124.697750598953,32.0666360214625
124.66545129378001,32.0433589502095
124.63917422959801,32.0208732452559
124.60401398028,32.0238759016688
124.593594062507,32.0204188412365
124.560090507808,32.0079836966613
124.54771172396099,31.9995943966659
124.528073763799,31.9700665808083
124.52376124972099,31.9491427707557
124.51956831448,31.9437387678736
124.49474333497801,31.919922914177103
124.486670285302,31.8972465501124
124.472932380896,31.8980957667993
124.461011226954,31.885808936548198
124.422062045249,31.888798306392196
124.40180336348301,31.8817166434592
124.38186696286199,31.889185327792
124.36487362556801,31.893739913717297
124.358805310359,31.884781365974497
124.36341552459601,31.875115607185602
124.36829777703998,31.853981491888103
124.356535896441,31.8488298202283
124.367888311243,31.8287909778346
124.37525579790702,31.8244753885425
124.363004479927,31.795975124378
124.372242903337,31.7782208401253
124.37162105976499,31.744000430211898
124.34836825333299,31.7360753809706
124.343458513574,31.7281680674103
124.34916788418501,31.730292810552502
124.35304253730301,31.7082342042388
124.348886710693,31.679242481754102
124.358044043199,31.6801180800657
124.364616170639,31.6475914291656
124.342366718953,31.635722544618897
124.34085502414699,31.6276129146766
124.349294063557,31.6260546753346
124.33354021805401,31.6107788859607
124.34201897118099,31.5868163606581
124.336791993001,31.5876853210152
124.337228087539,31.5773852148505
124.31512647284201,31.563704705793
124.32267202223,31.5487866237699
124.29668353083599,31.528453177761502
124.28330472734699,31.5127568632481
124.289051125283,31.503042847175603
124.28891469969601,31.499418672642797
124.269843106056,31.483009043577102
124.272752168262,31.4632003651094
124.26037306612,31.428272865510696
124.241287798852,31.395971448772602
124.22326424534401,31.372976936715304
124.21637504093799,31.365270370125604
124.191864314125,31.3339900635361
124.187873875403,31.3002401079491
124.19918011277099,31.263861756986604
124.199061621041,31.2576314445564
124.19171353466801,31.2253126903647
124.19439388360901,31.224569039151604
124.160776279752,31.194844901590002
124.12555385866301,31.1843024939865
124.10895233717501,31.1538963198484
124.11428011276199,31.1172289608076
124.127090385113,31.1173659261872
124.130714872743,31.1155496041915
124.139102261564,31.1037825160612
124.144496630222,31.0831678993492
124.14398360002899,31.0514736814499
124.14284921381099,31.0520615030682
124.152428119158,31.0487966362529
124.135860479958,31.0295563733892
124.117197575104,30.9960751707229
124.110019760938,30.968167860067602
124.09128747757099,30.972136646861703
124.096042789688,30.961710242157302
124.097706249937,30.9278990162936
124.06443590583099,30.914839842677104
124.048725526823,30.8975925613944
124.041831372673,30.9018137268675
124.018327969346,30.8676048672448
124.028794627393,30.862554814528103
124.02141892743799,30.8594010668361
124.00968387117399,30.8589001909554
124.02889636288499,30.8531518023458
124.04754289687901,30.816719434074102
124.051190107324,30.783175853734498
124.051878968575,30.778568140370304
124.056197428892,30.7695346633944
124.06647594486401,30.7529717396314
124.069340139511,30.7149009928089
124.058707813568,30.709720459443304
124.065436217663,30.6903777689536
124.052654158778,30.6770991681296
124.045746549479,30.6670172894539
124.034344320332,30.653092339167298
124.03307859896499,30.6499055367818
124.038377776301,30.649569689004302
124.04878491645799,30.6290119191993
124.035630085623,30.6296484032907
124.023823767521,30.593838174128
124.046637008783,30.570327136132303
124.05706927901899,30.5353125049613
124.070462036108,30.519294011016303
124.073140304573,30.479892861455497
124.062851178422,30.479025608130197
124.056884131711,30.4747502717082
124.045249227577,30.440850557248897
124.052238108466,30.4065817073487
124.056022405024,30.3979124157695
124.044387201097,30.3867164981563
124.049343060873,30.3624499587026
124.061573188962,30.334523535858196
124.08090728882601,30.3346252171946
124.06862561011299,30.298014646210603
124.07965926299102,30.2768192384523
124.079353238445,30.276319696966702
124.08628708426001,30.240912443610203
124.098059389368,30.237507159839502
124.08958843952699,30.237557022855
124.09239266322099,30.2050500106567
124.07505433227502,30.191390454232398
124.05938464420099,30.1709291680216
124.07263978746599,30.13271453601
124.08441057886999,30.098478507448398
124.061858663594,30.082563209629303
124.05490651183901,30.082876564657102
124.04112505014,30.054800486588398
124.042166239219,30.0312973545616
124.04062249718399,30.008601852544302
124.048460293701,29.9785039161566
124.068216681137,29.963202890620003
124.06268498392599,29.9408536684064
124.04598801691799,29.9064578748109
124.05794802586901,29.871778816767897
124.04426296301399,29.862627447533303
124.05196734471501,29.8484140743149
124.049167176403,29.8169746788825
124.06491043425699,29.819829978322502
124.05373927547,29.807037488417603
124.061408323167,29.8132437471378
124.072967221702,29.796394711136898
124.069871630375,29.7844579540614
124.11021436969101,29.7558015794835
124.134379200671,29.7480032046622
124.14817084108,29.752292509817
124.16295967341101,29.747201658464302
124.186764211719,29.7477424575168
124.21804761633999,29.7320371892317
124.21560950288999,29.7213953501941
124.21487842320299,29.722084585563003
124.244821311076,29.715642844875997
124.24574160877899,29.6891752529888
124.239552797967,29.673155757102197
124.235324345005,29.647897858789896
124.244679869905,29.6376041411484
124.27842481749599,29.616243391666604
124.30019926082599,29.5858881147715
124.330017445005,29.568201404221803
124.358605661673,29.544156504270102
124.35824434777399,29.5186388000107
124.377972886835,29.531357715078503
124.382377690253,29.516024516585396
124.40954337680401,29.5075161112575
124.408028827189,29.505921694258102
124.409487261754,29.4854141657476
124.441199809497,29.475583005893803
124.46710735146401,29.452988236631498
124.47355617633998,29.464130445439896
124.493619619418,29.4650122900992
124.50537963047199,29.460290510555396
124.523879815668,29.438983193066804
124.538931771842,29.453479074978198
124.570719556105,29.441032404892503
124.59851918234399,29.4590756603826
124.60586716681499,29.456842555027198
124.624662986744,29.4687125998739
124.634670091153,29.445484209347402
124.65861903123002,29.429348340849298
124.664444782334,29.426957785984897
124.684570389464,29.428161244187002
124.71748853521099,29.411725988874803
124.732238183622,29.413294979004398
124.75363652994699,29.416358107854702
124.77001926451901,29.3906012082054
124.76849149168801,29.373646974624
124.791892995151,29.3639194561554
124.827417256228,29.3724240250307
124.837283329616,29.3695838223172
124.856104246502,29.376244696171398
124.871817355397,29.3591706696899
124.878807712161,29.361734482483502
124.89780486588998,29.3354638146804
124.93388082362699,29.3289032651649
124.95930562786002,29.3245894872508
124.98984836320801,29.3034789456281
124.990264088973,29.2797126347556
125.000594722236,29.276931727448698
125.002161094995,29.2595064936749
125.00965714103998,29.2353348516217
125.04745539550899,29.229854383036
125.07970011273501,29.230493457150303
125.079422078461,29.233262057416802
125.092887639713,29.2427499077952
125.10193771723999,29.244920614836396
125.110938520007,29.2471526282802
125.13171718094499,29.2197600258848
125.14228794315001,29.2199487255176
125.148219781898,29.194569031396604
125.158450993292,29.1925806408455
125.15993265448499,29.198413037616202
125.196970931973,29.1837612923348
125.22696528570101,29.164125303492398
125.24339516116501,29.15064918076
125.243509177802,29.146474650465898
125.247244960708,29.121777797933998
125.25162351070699,29.1059459731147
125.28568274741899,29.110280081345
125.29943619973801,29.1173001876973
125.307202546127,29.0937147230905
125.34448760771099,29.076759035036996
125.36624315631501,29.080933633347897
125.403276888151,29.057259982067198
125.425842680021,29.042705211076104
125.45601709503599,29.055215674914102
125.464536549853,29.058103868713797
125.467514087164,29.0584365379003
125.50785250733401,29.044608778115897
125.51519908133001,29.0424943193571
125.53035522084299,29.053764817904895
125.53151996440901,29.0657247263612
125.535561854751,29.04387690894
125.571885164541,29.048739709906503
125.585421188726,29.0262235288133
125.59867643062599,29.0334424908523
125.605634434756,29.033127354290105
125.620340422277,29.0318453357061
125.62897335923,29.0168019465333
125.66394605589599,29.010657710966896
125.681554330188,29.009250672216
125.691488156345,29.002404101272603
125.708970155749,29.0089702043513
125.71983350008101,29.0004023298873
125.719605017638,28.9973529038175
125.71595550219801,29.0049823168327
125.748597306799,29.0013859853059
125.77043292003401,28.994793136528
125.79780265775801,28.969505744425696
125.830851892941,28.9547206523406
125.862439698971,28.9425016626364
125.881662402869,28.924603067853102
125.889413189864,28.8973066700697
125.918001268764,28.8755354784417
125.94374891404101,28.8829016449568
125.976122121786,28.8585733276079
125.993579532105,28.848037839247
126.00413379367399,28.831879967174803
126.011989341481,28.8083550669067
126.03632245345301,28.7934130176285
126.060256972133,28.7918169055025
126.09132918317499,28.7967759560633
126.09595822710199,28.795956587143802
126.115286562379,28.765816509324104
126.116423260215,28.7606349203981
126.120497432294,28.743388794629897
126.155810706769,28.7159252400762
126.170985519399,28.7011222207243
126.186279939272,28.6902589638524
126.204238256971,28.683169772018104
126.23952452376001,28.683590945580896
126.254422850037,28.677665722892606
126.252900989594,28.663966929092805
126.267919481073,28.6515332911673
126.27173668773399,28.636984734966504
126.273293838163,28.6381314742664
126.274944726425,28.612048400317303
126.281619175346,28.5869398107864
126.316959511656,28.574147830448698
126.321620145709,28.588124460259902
126.328313435756,28.5874851724804
126.35244664319201,28.589230230211
126.38108300199801,28.5905748672993
126.381075669129,28.5763753452804
126.396285064651,28.581541321948
126.42722988655899,28.560690068394397
126.43172445599501,28.569005104861898
126.449505043003,28.570987762258
126.46928525323901,28.5626722598179
126.47557634165899,28.5766302390089
126.50589575360901,28.5533571856322
126.521802520927,28.5452732850161
126.539397747631,28.5415030898134
126.574289837791,28.5402333456115
126.58228222526002,28.535346625125104
126.638637822061,28.4934395090631
126.640431804291,28.4726391395681
126.679978798102,28.468070196090604
126.717098182686,28.4735276658597
126.739212864549,28.4717185112505
126.744800422213,28.4584055070792
126.76543711254,28.470690716866102
126.78130790703399,28.4585245251542
126.812653088013,28.470917917376298
126.845342488637,28.4527155562849
126.853586168189,28.4417491905407
126.86246689803998,28.423277076045398
126.892208258265,28.414747944114698
126.89381785637899,28.4008195873946
126.919705076707,28.416346265826697
126.945060976349,28.4159669927286
126.981847000641,28.417796374981798
126.983371486305,28.4219415871727
126.986191906248,28.4053233102767
